1, 2
1, 4
2, 1
2, 3
2, 4
2, 5
2, 6
3, 2
4, 1
4, 2
4, 5
5, 2
5, 4
5, 6
6, 2
6, 5
7, 8
7, 10
8, 7
8, 9
8, 10
8, 11
9, 8
10, 7
10, 8
10, 11
11, 8
11, 10
12, 13
12, 15
13, 12
13, 14
13, 15
13, 16
13, 17
14, 13
15, 12
15, 13
15, 16
16, 13
16, 15
16, 17
17, 13
17, 16
18, 19
18, 21
19, 18
19, 20
19, 21
19, 22
19, 23
20, 19
21, 18
21, 19
21, 22
21, 23
22, 19
22, 21
23, 19
23, 21
24, 25
24, 27
24, 28
25, 24
25, 26
25, 27
25, 28
25, 29
26, 25
27, 24
27, 25
28, 24
28, 25
28, 29
29, 25
29, 28
30, 31
30, 33
31, 30
31, 32
31, 33
31, 34
32, 31
33, 30
33, 31
33, 34
34, 31
34, 33
35, 36
36, 35
36, 37
37, 36
38, 39
39, 38
39, 40
40, 39
41, 42
42, 41
42, 43
43, 42
44, 45
45, 44
45, 46
46, 45
47, 48
48, 47
48, 49
49, 48
50, 51
51, 50
51, 52
52, 51
53, 54
54, 53
54, 55
55, 54
56, 57
57, 56
57, 58
58, 57
59, 60
60, 59
60, 61
61, 60
62, 63
63, 62
63, 64
64, 63
65, 66
65, 68
66, 65
66, 67
66, 68
67, 66
68, 65
68, 66
69, 70
69, 72
70, 69
70, 71
70, 72
71, 70
72, 69
72, 70
73, 74
73, 76
74, 73
74, 75
74, 76
75, 74
76, 73
76, 74
77, 78
77, 80
77, 81
78, 77
78, 79
78, 80
78, 81
78, 82
79, 78
80, 77
80, 78
81, 77
81, 78
81, 82
82, 78
82, 81
1,7
7,1
2,8
8,2
3,9
9,3
4,10
10,4
5,11
11,5
7,12
12,7
8,13
13,8
9,14
14,9
10,15
15,10
11,16
16,11
12,18
18,12
13,19
19,13
14,20
20,14
15,21
21,15
16,22
22,16
17,23
23,17
18,24
24,18
19,25
25,19
20,26
26,20
21,27
27,21
22,28
28,22
23,29
29,23
24,30
30,24
25,31
31,25
26,32
32,26
27,33
33,27
28,34
34,28
30,35
35,30
31,36
36,31
32,37
37,32
35,38
38,35
36,39
39,36
37,40
40,37
38,41
41,38
39,42
42,39
40,43
43,40
41,44
44,41
42,45
45,42
43,46
46,43
44,47
47,44
45,48
48,45
46,49
49,46
47,50
50,47
48,51
51,48
49,52
52,49
50,53
53,50
51,54
54,51
52,55
55,52
53,56
56,53
54,57
57,54
55,58
58,55
56,59
59,56
57,60
60,57
58,61
61,58
59,62
62,59
60,63
63,60
61,64
64,61
62,65
65,62
63,66
66,63
64,67
67,64
65,69
69,65
66,70
70,66
67,71
71,67
68,72
72,68
69,73
73,69
70,74
74,70
71,75
75,71
72,76
76,72
73,77
77,73
74,78
78,74
75,79
79,75
76,80
80,76
83, 84
83, 86
84, 83
84, 85
84, 86
84, 87
85, 84
86, 83
86, 84
86, 87
87, 84
87, 86
88, 89
89, 88
89, 90
90, 89
91, 92
91, 94
92, 91
92, 93
92, 94
93, 92
94, 91
94, 92
95, 96
95, 98
96, 95
96, 97
96, 98
96, 99
97, 96
98, 95
98, 96
98, 99
99, 96
99, 98
100, 101
100, 103
101, 100
101, 102
101, 103
102, 101
103, 100
103, 101
104, 105
104, 107
105, 104
105, 106
105, 107
105, 108
106, 105
107, 104
107, 105
107, 108
108, 105
108, 107
109, 110
109, 112
110, 109
110, 111
110, 112
110, 113
110, 114
111, 110
112, 109
112, 110
112, 113
113, 110
113, 112
113, 114
114, 110
114, 113
115, 116
115, 118
116, 115
116, 117
116, 118
116, 119
117, 116
118, 115
118, 116
118, 119
119, 116
119, 118
120, 121
120, 123
121, 120
121, 122
121, 123
121, 124
122, 121
123, 120
123, 121
123, 124
124, 121
124, 123
125, 126
125, 128
126, 125
126, 127
126, 128
126, 129
126, 130
127, 126
128, 125
128, 126
128, 129
129, 126
129, 128
129, 130
130, 126
130, 129
131, 132
131, 134
131, 135
131, 136
132, 131
132, 133
132, 134
132, 135
132, 136
133, 132
134, 131
134, 132
134, 135
135, 131
135, 132
135, 134
136, 131
136, 132
137, 138
137, 140
138, 137
138, 139
138, 140
138, 141
138, 142
139, 138
140, 137
140, 138
140, 141
141, 138
141, 140
141, 142
142, 138
142, 141
143, 144
143, 146
144, 143
144, 145
144, 146
144, 147
145, 144
146, 143
146, 144
146, 147
147, 144
147, 146
148, 149
148, 151
149, 148
149, 150
149, 151
149, 152
149, 153
150, 149
151, 148
151, 149
151, 152
152, 149
152, 151
152, 153
153, 149
153, 152
154, 155
154, 157
155, 154
155, 156
155, 157
155, 158
155, 159
156, 155
157, 154
157, 155
157, 158
158, 155
158, 157
158, 159
159, 155
159, 158
160, 161
160, 163
161, 160
161, 162
161, 163
161, 164
161, 165
162, 161
163, 160
163, 161
163, 164
164, 161
164, 163
164, 165
165, 161
165, 164
166, 167
166, 169
167, 166
167, 168
167, 169
167, 170
167, 171
168, 167
169, 166
169, 167
169, 170
170, 167
170, 169
170, 171
171, 167
171, 170
172, 173
172, 175
173, 172
173, 174
173, 175
173, 176
174, 173
175, 172
175, 173
175, 176
176, 173
176, 175
177, 178
177, 180
178, 177
178, 179
178, 180
178, 181
178, 182
178, 183
179, 178
180, 177
180, 178
180, 181
181, 178
181, 180
181, 182
182, 178
182, 181
182, 183
183, 178
183, 182
184, 185
184, 187
185, 184
185, 186
185, 187
185, 188
186, 185
187, 184
187, 185
187, 188
188, 185
188, 187
83,88
88,83
84,89
89,84
85,90
90,85
88,91
91,88
89,92
92,89
90,93
93,90
91,95
95,91
92,96
96,92
93,97
97,93
94,98
98,94
95,100
100,95
96,101
101,96
97,102
102,97
98,103
103,98
100,104
104,100
101,105
105,101
102,106
106,102
103,107
107,103
104,109
109,104
105,110
110,105
106,111
111,106
107,112
112,107
108,113
113,108
109,115
115,109
110,116
116,110
111,117
117,111
112,118
118,112
113,119
119,113
115,120
120,115
116,121
121,116
117,122
122,117
118,123
123,118
119,124
124,119
120,125
125,120
121,126
126,121
122,127
127,122
123,128
128,123
124,129
129,124
125,131
131,125
126,132
132,126
127,133
133,127
128,134
134,128
129,135
135,129
130,136
136,130
131,137
137,131
132,138
138,132
133,139
139,133
134,140
140,134
135,141
141,135
136,142
142,136
137,143
143,137
138,144
144,138
139,145
145,139
140,146
146,140
141,147
147,141
143,148
148,143
144,149
149,144
145,150
150,145
146,151
151,146
147,152
152,147
148,154
154,148
149,155
155,149
150,156
156,150
151,157
157,151
152,158
158,152
153,159
159,153
154,160
160,154
155,161
161,155
156,162
162,156
157,163
163,157
158,164
164,158
159,165
165,159
160,166
166,160
161,167
167,161
162,168
168,162
163,169
169,163
164,170
170,164
165,171
171,165
166,172
172,166
167,173
173,167
168,174
174,168
169,175
175,169
170,176
176,170
172,177
177,172
173,178
178,173
174,179
179,174
175,180
180,175
176,181
181,176
177,184
184,177
178,185
185,178
179,186
186,179
180,187
187,180
181,188
188,181
189, 190
190, 189
190, 191
191, 190
192, 193
192, 195
193, 192
193, 194
193, 195
194, 193
195, 192
195, 193
196, 197
197, 196
197, 198
198, 197
199, 200
199, 202
200, 199
200, 201
200, 202
201, 200
202, 199
202, 200
203, 204
203, 206
204, 203
204, 205
204, 206
205, 204
206, 203
206, 204
207, 208
208, 207
208, 209
209, 208
210, 211
211, 210
211, 212
212, 211
213, 214
214, 213
214, 215
215, 214
216, 217
216, 219
217, 216
217, 218
217, 219
218, 217
219, 216
219, 217
220, 221
220, 223
221, 220
221, 222
221, 223
222, 221
223, 220
223, 221
224, 225
224, 227
225, 224
225, 226
225, 227
226, 225
227, 224
227, 225
228, 229
228, 231
229, 228
229, 230
229, 231
229, 232
230, 229
231, 228
231, 229
231, 232
232, 229
232, 231
233, 234
233, 236
234, 233
234, 235
234, 236
235, 234
236, 233
236, 234
237, 238
237, 240
238, 237
238, 239
238, 240
239, 238
240, 237
240, 238
241, 242
241, 244
242, 241
242, 243
242, 244
243, 242
244, 241
244, 242
245, 246
246, 245
246, 247
247, 246
248, 249
249, 248
249, 250
250, 249
251, 252
251, 254
252, 251
252, 253
252, 254
253, 252
254, 251
254, 252
255, 256
256, 255
256, 257
257, 256
258, 259
258, 261
258, 262
259, 258
259, 260
259, 261
259, 262
260, 259
261, 258
261, 259
262, 258
262, 259
189,192
192,189
190,193
193,190
191,194
194,191
192,196
196,192
193,197
197,193
194,198
198,194
196,199
199,196
197,200
200,197
198,201
201,198
199,203
203,199
200,204
204,200
201,205
205,201
202,206
206,202
203,207
207,203
204,208
208,204
205,209
209,205
207,210
210,207
208,211
211,208
209,212
212,209
210,213
213,210
211,214
214,211
212,215
215,212
213,216
216,213
214,217
217,214
215,218
218,215
216,220
220,216
217,221
221,217
218,222
222,218
219,223
223,219
220,224
224,220
221,225
225,221
222,226
226,222
223,227
227,223
224,228
228,224
225,229
229,225
226,230
230,226
227,231
231,227
228,233
233,228
229,234
234,229
230,235
235,230
231,236
236,231
233,237
237,233
234,238
238,234
235,239
239,235
236,240
240,236
237,241
241,237
238,242
242,238
239,243
243,239
240,244
244,240
241,245
245,241
242,246
246,242
243,247
247,243
245,248
248,245
246,249
249,246
247,250
250,247
248,251
251,248
249,252
252,249
250,253
253,250
251,255
255,251
252,256
256,252
253,257
257,253
255,258
258,255
256,259
259,256
257,260
260,257
263, 264
264, 263
264, 265
265, 264
266, 267
267, 266
267, 268
268, 267
269, 270
269, 272
270, 269
270, 271
270, 272
271, 270
272, 269
272, 270
273, 274
274, 273
274, 275
275, 274
276, 277
277, 276
277, 278
278, 277
279, 280
280, 279
280, 281
281, 280
282, 283
283, 282
283, 284
284, 283
285, 286
286, 285
286, 287
287, 286
288, 289
288, 290
289, 288
290, 288
291, 292
292, 291
292, 293
293, 292
294, 295
295, 294
295, 296
296, 295
297, 298
297, 300
298, 297
298, 299
298, 300
299, 298
300, 297
300, 298
301, 302
301, 304
302, 301
302, 303
302, 304
303, 302
304, 301
304, 302
305, 306
306, 305
306, 307
307, 306
308, 309
308, 311
309, 308
309, 310
309, 311
310, 309
311, 308
311, 309
312, 313
312, 315
313, 312
313, 314
313, 315
314, 313
315, 312
315, 313
316, 317
316, 319
317, 316
317, 318
317, 319
318, 317
319, 316
319, 317
320, 321
320, 323
321, 320
321, 322
321, 323
322, 321
323, 320
323, 321
324, 325
324, 327
325, 324
325, 326
325, 327
325, 328
326, 325
327, 324
327, 325
327, 328
328, 325
328, 327
329, 330
329, 332
330, 329
330, 331
330, 332
331, 330
332, 329
332, 330
263,266
266,263
264,267
267,264
265,268
268,265
266,269
269,266
267,270
270,267
268,271
271,268
269,273
273,269
270,274
274,270
271,275
275,271
273,276
276,273
274,277
277,274
275,278
278,275
276,279
279,276
277,280
280,277
278,281
281,278
279,282
282,279
280,283
283,280
281,284
284,281
282,285
285,282
283,286
286,283
284,287
287,284
285,288
288,285
286,289
289,286
287,290
290,287
288,291
291,288
289,292
292,289
290,293
293,290
291,294
294,291
292,295
295,292
293,296
296,293
294,297
297,294
295,298
298,295
296,299
299,296
297,301
301,297
298,302
302,298
299,303
303,299
300,304
304,300
301,305
305,301
302,306
306,302
303,307
307,303
305,308
308,305
306,309
309,306
307,310
310,307
308,312
312,308
309,313
313,309
310,314
314,310
311,315
315,311
312,316
316,312
313,317
317,313
314,318
318,314
315,319
319,315
316,320
320,316
317,321
321,317
318,322
322,318
319,323
323,319
320,324
324,320
321,325
325,321
322,326
326,322
323,327
327,323
324,329
329,324
325,330
330,325
326,331
331,326
327,332
332,327
333, 334
333, 336
334, 333
334, 335
334, 336
335, 334
336, 333
336, 334
337, 338
337, 340
338, 337
338, 339
338, 340
339, 338
340, 337
340, 338
341, 342
341, 344
341, 345
342, 341
342, 343
342, 344
342, 345
342, 346
343, 342
344, 341
344, 342
345, 341
345, 342
345, 346
346, 342
346, 345
347, 348
347, 350
348, 347
348, 349
348, 350
349, 348
350, 347
350, 348
351, 352
351, 354
352, 351
352, 353
352, 354
352, 355
353, 352
354, 351
354, 352
354, 355
355, 352
355, 354
356, 357
356, 359
357, 356
357, 358
357, 359
358, 357
359, 356
359, 357
360, 361
360, 363
361, 360
361, 362
361, 363
361, 364
362, 361
363, 360
363, 361
363, 364
364, 361
364, 363
365, 366
365, 368
366, 365
366, 367
366, 368
366, 369
367, 366
368, 365
368, 366
368, 369
369, 366
369, 368
370, 371
370, 373
371, 370
371, 372
371, 373
371, 374
372, 371
373, 370
373, 371
373, 374
374, 371
374, 373
375, 376
375, 378
376, 375
376, 377
376, 378
376, 379
377, 376
378, 375
378, 376
378, 379
379, 376
379, 378
380, 381
380, 383
381, 380
381, 382
381, 383
382, 381
383, 380
383, 381
384, 385
384, 387
385, 384
385, 386
385, 387
385, 388
386, 385
387, 384
387, 385
387, 388
388, 385
388, 387
389, 390
389, 392
390, 389
390, 391
390, 392
391, 390
392, 389
392, 390
393, 394
393, 396
394, 393
394, 395
394, 396
394, 397
395, 394
396, 393
396, 394
396, 397
397, 394
397, 396
398, 399
398, 401
399, 398
399, 400
399, 401
399, 402
400, 399
401, 398
401, 399
401, 402
402, 399
402, 401
403, 404
403, 406
404, 403
404, 405
404, 406
404, 407
405, 404
406, 403
406, 404
406, 407
407, 404
407, 406
408, 409
408, 411
409, 408
409, 410
409, 411
409, 412
410, 409
411, 408
411, 409
411, 412
412, 409
412, 411
413, 414
413, 416
414, 413
414, 415
414, 416
415, 414
416, 413
416, 414
417, 418
417, 420
418, 417
418, 419
418, 420
418, 421
419, 418
420, 417
420, 418
420, 421
421, 418
421, 420
422, 423
422, 425
423, 422
423, 424
423, 425
424, 423
425, 422
425, 423
333,337
337,333
334,338
338,334
335,339
339,335
336,340
340,336
337,341
341,337
338,342
342,338
339,343
343,339
340,344
344,340
341,347
347,341
342,348
348,342
343,349
349,343
344,350
350,344
347,351
351,347
348,352
352,348
349,353
353,349
350,354
354,350
351,356
356,351
352,357
357,352
353,358
358,353
354,359
359,354
356,360
360,356
357,361
361,357
358,362
362,358
359,363
363,359
360,365
365,360
361,366
366,361
362,367
367,362
363,368
368,363
364,369
369,364
365,370
370,365
366,371
371,366
367,372
372,367
368,373
373,368
369,374
374,369
370,375
375,370
371,376
376,371
372,377
377,372
373,378
378,373
374,379
379,374
375,380
380,375
376,381
381,376
377,382
382,377
378,383
383,378
380,384
384,380
381,385
385,381
382,386
386,382
383,387
387,383
384,389
389,384
385,390
390,385
386,391
391,386
387,392
392,387
389,393
393,389
390,394
394,390
391,395
395,391
392,396
396,392
393,398
398,393
394,399
399,394
395,400
400,395
396,401
401,396
397,402
402,397
398,403
403,398
399,404
404,399
400,405
405,400
401,406
406,401
402,407
407,402
403,408
408,403
404,409
409,404
405,410
410,405
406,411
411,406
407,412
412,407
408,413
413,408
409,414
414,409
410,415
415,410
411,416
416,411
413,417
417,413
414,418
418,414
415,419
419,415
416,420
420,416
417,422
422,417
418,423
423,418
419,424
424,419
420,425
425,420
426, 427
426, 429
427, 426
427, 428
427, 429
428, 427
429, 426
429, 427
430, 431
431, 430
431, 432
432, 431
433, 434
433, 436
434, 433
434, 435
434, 436
435, 434
436, 433
436, 434
437, 438
437, 440
438, 437
438, 439
438, 440
439, 438
440, 437
440, 438
441, 442
442, 441
442, 443
443, 442
444, 445
445, 444
445, 446
446, 445
447, 448
448, 447
448, 449
449, 448
450, 451
451, 450
451, 452
452, 451
453, 454
454, 453
454, 455
455, 454
456, 457
457, 456
457, 458
458, 457
459, 460
460, 459
460, 461
461, 460
462, 463
463, 462
463, 464
464, 463
465, 466
466, 465
466, 467
467, 466
468, 469
469, 468
469, 470
470, 469
471, 472
472, 471
472, 473
473, 472
474, 475
475, 474
475, 476
476, 475
477, 478
478, 477
478, 479
479, 478
480, 481
481, 480
481, 482
482, 481
483, 484
484, 483
484, 485
485, 484
486, 487
487, 486
487, 488
488, 487
426,430
430,426
427,431
431,427
428,432
432,428
430,433
433,430
431,434
434,431
432,435
435,432
433,437
437,433
434,438
438,434
435,439
439,435
436,440
440,436
437,441
441,437
438,442
442,438
439,443
443,439
441,444
444,441
442,445
445,442
443,446
446,443
444,447
447,444
445,448
448,445
446,449
449,446
447,450
450,447
448,451
451,448
449,452
452,449
450,453
453,450
451,454
454,451
452,455
455,452
453,456
456,453
454,457
457,454
455,458
458,455
456,459
459,456
457,460
460,457
458,461
461,458
459,462
462,459
460,463
463,460
461,464
464,461
462,465
465,462
463,466
466,463
464,467
467,464
465,468
468,465
466,469
469,466
467,470
470,467
468,471
471,468
469,472
472,469
470,473
473,470
471,474
474,471
472,475
475,472
473,476
476,473
474,477
477,474
475,478
478,475
476,479
479,476
477,480
480,477
478,481
481,478
479,482
482,479
480,483
483,480
481,484
484,481
482,485
485,482
483,486
486,483
484,487
487,484
485,488
488,485
489, 490
489, 492
490, 489
490, 491
490, 492
491, 490
492, 489
492, 490
493, 494
493, 496
494, 493
494, 495
494, 496
495, 494
496, 493
496, 494
497, 498
497, 500
498, 497
498, 499
498, 500
498, 501
499, 498
500, 497
500, 498
500, 501
501, 498
501, 500
502, 503
502, 505
503, 502
503, 504
503, 505
504, 503
505, 502
505, 503
506, 507
506, 509
507, 506
507, 508
507, 509
507, 510
507, 511
508, 507
509, 506
509, 507
509, 510
510, 507
510, 509
510, 511
511, 507
511, 510
512, 513
512, 515
513, 512
513, 514
513, 515
513, 516
513, 517
514, 513
515, 512
515, 513
515, 516
516, 513
516, 515
516, 517
517, 513
517, 516
518, 519
518, 521
519, 518
519, 520
519, 521
519, 522
519, 523
520, 519
521, 518
521, 519
521, 522
522, 519
522, 521
522, 523
523, 519
523, 522
524, 525
524, 527
525, 524
525, 526
525, 527
526, 525
527, 524
527, 525
528, 529
528, 531
529, 528
529, 530
529, 531
529, 532
529, 533
529, 534
530, 529
531, 528
531, 529
531, 532
532, 529
532, 531
532, 533
533, 529
533, 532
533, 534
534, 529
534, 533
535, 536
535, 538
536, 535
536, 537
536, 538
537, 536
538, 535
538, 536
539, 540
539, 542
540, 539
540, 541
540, 542
541, 540
542, 539
542, 540
543, 544
543, 546
544, 543
544, 545
544, 546
544, 547
544, 548
545, 544
546, 543
546, 544
546, 547
547, 544
547, 546
547, 548
548, 544
548, 547
549, 550
549, 552
550, 549
550, 551
550, 552
550, 553
550, 554
550, 555
551, 550
552, 549
552, 550
552, 553
553, 550
553, 552
553, 554
554, 550
554, 553
554, 555
555, 550
555, 554
556, 557
556, 559
557, 556
557, 558
557, 559
557, 560
557, 561
558, 557
559, 556
559, 557
559, 560
560, 557
560, 559
560, 561
561, 557
561, 560
562, 563
562, 565
563, 562
563, 564
563, 565
563, 566
564, 563
565, 562
565, 563
565, 566
566, 563
566, 565
567, 568
567, 570
568, 567
568, 569
568, 570
568, 571
568, 572
568, 573
569, 568
570, 567
570, 568
570, 571
570, 572
571, 568
571, 570
572, 568
572, 570
572, 573
573, 568
573, 572
574, 575
574, 577
575, 574
575, 576
575, 577
575, 578
575, 579
576, 575
577, 574
577, 575
577, 578
578, 575
578, 577
578, 579
579, 575
579, 578
580, 581
580, 583
580, 584
581, 580
581, 582
581, 583
581, 584
581, 585
582, 581
583, 580
583, 581
584, 580
584, 581
584, 585
585, 581
585, 584
586, 587
586, 589
587, 586
587, 588
587, 589
587, 590
587, 591
588, 587
589, 586
589, 587
589, 590
590, 587
590, 589
590, 591
591, 587
591, 590
592, 593
592, 595
593, 592
593, 594
593, 595
593, 596
593, 597
594, 593
595, 592
595, 593
595, 596
596, 593
596, 595
596, 597
597, 593
597, 596
489,493
493,489
490,494
494,490
491,495
495,491
492,496
496,492
493,497
497,493
494,498
498,494
495,499
499,495
496,500
500,496
497,502
502,497
498,503
503,498
499,504
504,499
500,505
505,500
502,506
506,502
503,507
507,503
504,508
508,504
505,509
509,505
506,512
512,506
507,513
513,507
508,514
514,508
509,515
515,509
510,516
516,510
511,517
517,511
512,518
518,512
513,519
519,513
514,520
520,514
515,521
521,515
516,522
522,516
517,523
523,517
518,524
524,518
519,525
525,519
520,526
526,520
521,527
527,521
524,528
528,524
525,529
529,525
526,530
530,526
527,531
531,527
528,535
535,528
529,536
536,529
530,537
537,530
531,538
538,531
535,539
539,535
536,540
540,536
537,541
541,537
538,542
542,538
539,543
543,539
540,544
544,540
541,545
545,541
542,546
546,542
543,549
549,543
544,550
550,544
545,551
551,545
546,552
552,546
547,553
553,547
548,554
554,548
549,556
556,549
550,557
557,550
551,558
558,551
552,559
559,552
553,560
560,553
554,561
561,554
556,562
562,556
557,563
563,557
558,564
564,558
559,565
565,559
560,566
566,560
562,567
567,562
563,568
568,563
564,569
569,564
565,570
570,565
566,571
571,566
567,574
574,567
568,575
575,568
569,576
576,569
570,577
577,570
571,578
578,571
572,579
579,572
574,580
580,574
575,581
581,575
576,582
582,576
577,583
583,577
578,584
584,578
579,585
585,579
580,586
586,580
581,587
587,581
582,588
588,582
583,589
589,583
584,590
590,584
585,591
591,585
586,592
592,586
587,593
593,587
588,594
594,588
589,595
595,589
590,596
596,590
591,597
597,591
598, 599
598, 601
599, 598
599, 600
599, 601
600, 599
601, 598
601, 599
602, 603
602, 605
603, 602
603, 604
603, 605
604, 603
605, 602
605, 603
606, 607
606, 609
607, 606
607, 608
607, 609
608, 607
609, 606
609, 607
610, 611
610, 613
611, 610
611, 612
611, 613
612, 611
613, 610
613, 611
614, 615
614, 617
615, 614
615, 616
615, 617
616, 615
617, 614
617, 615
618, 619
618, 621
619, 618
619, 620
619, 621
620, 619
621, 618
621, 619
622, 623
622, 625
623, 622
623, 624
623, 625
624, 623
625, 622
625, 623
626, 627
626, 629
627, 626
627, 628
627, 629
628, 627
629, 626
629, 627
630, 631
630, 633
631, 630
631, 632
631, 633
631, 634
632, 631
633, 630
633, 631
633, 634
634, 631
634, 633
635, 636
635, 637
635, 638
636, 635
637, 635
637, 638
638, 635
638, 637
639, 640
640, 639
640, 641
641, 640
642, 643
643, 642
643, 644
644, 643
645, 646
646, 645
646, 647
647, 646
648, 649
649, 648
649, 650
650, 649
651, 652
652, 651
652, 653
653, 652
654, 655
655, 654
655, 656
656, 655
657, 658
658, 657
658, 659
659, 658
660, 661
660, 663
661, 660
661, 662
661, 663
661, 664
662, 661
663, 660
663, 661
663, 664
664, 661
664, 663
665, 666
665, 668
666, 665
666, 667
666, 668
667, 666
668, 665
668, 666
669, 670
670, 669
670, 671
671, 670
598,602
602,598
599,603
603,599
600,604
604,600
601,605
605,601
602,606
606,602
603,607
607,603
604,608
608,604
605,609
609,605
606,610
610,606
607,611
611,607
608,612
612,608
609,613
613,609
610,614
614,610
611,615
615,611
612,616
616,612
613,617
617,613
614,618
618,614
615,619
619,615
616,620
620,616
617,621
621,617
618,622
622,618
619,623
623,619
620,624
624,620
621,625
625,621
622,626
626,622
623,627
627,623
624,628
628,624
625,629
629,625
626,630
630,626
627,631
631,627
628,632
632,628
629,633
633,629
630,635
635,630
631,636
636,631
632,637
637,632
633,638
638,633
635,639
639,635
636,640
640,636
637,641
641,637
639,642
642,639
640,643
643,640
641,644
644,641
642,645
645,642
643,646
646,643
644,647
647,644
645,648
648,645
646,649
649,646
647,650
650,647
648,651
651,648
649,652
652,649
650,653
653,650
651,654
654,651
652,655
655,652
653,656
656,653
654,657
657,654
655,658
658,655
656,659
659,656
657,660
660,657
658,661
661,658
659,662
662,659
660,665
665,660
661,666
666,661
662,667
667,662
663,668
668,663
665,669
669,665
666,670
670,666
667,671
671,667
672, 673
672, 675
673, 672
673, 674
673, 675
674, 673
675, 672
675, 673
676, 677
676, 679
677, 676
677, 678
677, 679
677, 680
677, 681
678, 677
679, 676
679, 677
679, 680
680, 677
680, 679
680, 681
681, 677
681, 680
682, 683
683, 682
683, 684
684, 683
685, 686
685, 688
686, 685
686, 687
686, 688
687, 686
688, 685
688, 686
689, 690
690, 689
690, 691
691, 690
692, 693
693, 692
693, 694
694, 693
695, 696
696, 695
696, 697
697, 696
698, 699
699, 698
699, 700
700, 699
701, 702
702, 701
702, 703
703, 702
704, 705
704, 707
705, 704
705, 706
705, 707
706, 705
707, 704
707, 705
708, 709
708, 711
709, 708
709, 710
709, 711
710, 709
711, 708
711, 709
712, 713
712, 715
713, 712
713, 714
713, 715
714, 713
715, 712
715, 713
716, 717
717, 716
717, 718
718, 717
719, 720
720, 719
720, 721
721, 720
722, 723
723, 722
723, 724
724, 723
725, 726
726, 725
726, 727
727, 726
728, 729
729, 728
729, 730
730, 729
731, 732
732, 731
732, 733
733, 732
734, 735
734, 737
735, 734
735, 736
735, 737
736, 735
737, 734
737, 735
738, 739
739, 738
739, 740
740, 739
672,676
676,672
673,677
677,673
674,678
678,674
675,679
679,675
676,682
682,676
677,683
683,677
678,684
684,678
682,685
685,682
683,686
686,683
684,687
687,684
685,689
689,685
686,690
690,686
687,691
691,687
689,692
692,689
690,693
693,690
691,694
694,691
692,695
695,692
693,696
696,693
694,697
697,694
695,698
698,695
696,699
699,696
697,700
700,697
698,701
701,698
699,702
702,699
700,703
703,700
701,704
704,701
702,705
705,702
703,706
706,703
704,708
708,704
705,709
709,705
706,710
710,706
707,711
711,707
708,712
712,708
709,713
713,709
710,714
714,710
711,715
715,711
712,716
716,712
713,717
717,713
714,718
718,714
716,719
719,716
717,720
720,717
718,721
721,718
719,722
722,719
720,723
723,720
721,724
724,721
722,725
725,722
723,726
726,723
724,727
727,724
725,728
728,725
726,729
729,726
727,730
730,727
728,731
731,728
729,732
732,729
730,733
733,730
731,734
734,731
732,735
735,732
733,736
736,733
734,738
738,734
735,739
739,735
736,740
740,736
741, 742
741, 744
742, 741
742, 743
742, 744
743, 742
744, 741
744, 742
745, 746
746, 745
746, 747
747, 746
748, 749
749, 748
749, 750
750, 749
751, 752
752, 751
752, 753
753, 752
754, 755
754, 757
755, 754
755, 756
755, 757
756, 755
757, 754
757, 755
758, 759
759, 758
759, 760
760, 759
761, 762
762, 761
762, 763
763, 762
764, 765
765, 764
765, 766
766, 765
767, 768
768, 767
768, 769
769, 768
770, 771
771, 770
771, 772
772, 771
773, 774
774, 773
774, 775
775, 774
776, 777
777, 776
777, 778
778, 777
779, 780
779, 782
780, 779
780, 781
780, 782
780, 783
781, 780
782, 779
782, 780
782, 783
783, 780
783, 782
784, 785
784, 787
785, 784
785, 786
785, 787
785, 788
786, 785
787, 784
787, 785
787, 788
788, 785
788, 787
789, 790
789, 792
790, 789
790, 791
790, 792
791, 790
792, 789
792, 790
793, 794
793, 796
794, 793
794, 795
794, 796
795, 794
796, 793
796, 794
797, 798
797, 800
798, 797
798, 799
798, 800
799, 798
800, 797
800, 798
801, 802
801, 804
802, 801
802, 803
802, 804
803, 802
804, 801
804, 802
805, 806
805, 808
805, 809
806, 805
806, 807
806, 808
806, 809
807, 806
808, 805
808, 806
809, 805
809, 806
810, 811
811, 810
811, 812
812, 811
741,745
745,741
742,746
746,742
743,747
747,743
745,748
748,745
746,749
749,746
747,750
750,747
748,751
751,748
749,752
752,749
750,753
753,750
751,754
754,751
752,755
755,752
753,756
756,753
754,758
758,754
755,759
759,755
756,760
760,756
758,761
761,758
759,762
762,759
760,763
763,760
761,764
764,761
762,765
765,762
763,766
766,763
764,767
767,764
765,768
768,765
766,769
769,766
767,770
770,767
768,771
771,768
769,772
772,769
770,773
773,770
771,774
774,771
772,775
775,772
773,776
776,773
774,777
777,774
775,778
778,775
776,779
779,776
777,780
780,777
778,781
781,778
779,784
784,779
780,785
785,780
781,786
786,781
782,787
787,782
783,788
788,783
784,789
789,784
785,790
790,785
786,791
791,786
787,792
792,787
789,793
793,789
790,794
794,790
791,795
795,791
792,796
796,792
793,797
797,793
794,798
798,794
795,799
799,795
796,800
800,796
797,801
801,797
798,802
802,798
799,803
803,799
800,804
804,800
801,805
805,801
802,806
806,802
803,807
807,803
804,808
808,804
805,810
810,805
806,811
811,806
807,812
812,807
