1, 1, 2, 7, 
1, 2, 2, 8, 
1, 3, 2, 9, 
1, 4, 2, 10, 
1, 5, 2, 11, 
1, 6, 
2, 7, 3, 12, 
2, 8, 3, 13, 
2, 9, 3, 14, 
2, 10, 3, 15, 
2, 11, 3, 16, 
3, 12, 4, 18, 
3, 13, 4, 19, 
3, 14, 4, 20, 
3, 15, 4, 21, 
3, 16, 4, 22, 
3, 17, 4, 23, 
4, 18, 5, 24, 
4, 19, 5, 25, 
4, 20, 5, 26, 
4, 21, 5, 27, 
4, 22, 5, 28, 
4, 23, 5, 29, 
5, 24, 6, 30, 
5, 25, 6, 31, 
5, 26, 6, 32, 
5, 27, 6, 33, 
5, 28, 6, 34, 
5, 29, 
6, 30, 7, 35, 
6, 31, 7, 36, 
6, 32, 7, 37, 
6, 33, 
6, 34, 
7, 35, 8, 38, 
7, 36, 8, 39, 
7, 37, 8, 40, 
8, 38, 9, 41, 
8, 39, 9, 42, 
8, 40, 9, 43, 
9, 41, 10, 44, 
9, 42, 10, 45, 
9, 43, 10, 46, 
10, 44, 11, 47, 
10, 45, 11, 48, 
10, 46, 11, 49, 
11, 47, 12, 50, 
11, 48, 12, 51, 
11, 49, 12, 52, 
12, 50, 13, 53, 
12, 51, 13, 54, 
12, 52, 13, 55, 
13, 53, 14, 56, 
13, 54, 14, 57, 
13, 55, 14, 58, 
14, 56, 15, 59, 
14, 57, 15, 60, 
14, 58, 15, 61, 
15, 59, 16, 62, 
15, 60, 16, 63, 
15, 61, 16, 64, 
16, 62, 17, 65, 
16, 63, 17, 66, 
16, 64, 17, 67, 
17, 65, 18, 69, 
17, 66, 18, 70, 
17, 67, 18, 71, 
17, 68, 18, 72, 
18, 69, 19, 73, 
18, 70, 19, 74, 
18, 71, 19, 75, 
18, 72, 19, 76, 
19, 73, 20, 77, 
19, 74, 20, 78, 
19, 75, 20, 79, 
19, 76, 20, 80, 
20, 77, 
20, 78, 
20, 79, 
20, 80, 
20, 81, 
20, 82, 
21, 83, 22, 88, 
21, 84, 22, 89, 
21, 85, 22, 90, 
21, 86, 
21, 87, 
22, 88, 23, 91, 
22, 89, 23, 92, 
22, 90, 23, 93, 
23, 91, 24, 95, 
23, 92, 24, 96, 
23, 93, 24, 97, 
23, 94, 24, 98, 
24, 95, 25, 100, 
24, 96, 25, 101, 
24, 97, 25, 102, 
24, 98, 25, 103, 
24, 99, 
25, 100, 26, 104, 
25, 101, 26, 105, 
25, 102, 26, 106, 
25, 103, 26, 107, 
26, 104, 27, 109, 
26, 105, 27, 110, 
26, 106, 27, 111, 
26, 107, 27, 112, 
26, 108, 27, 113, 
27, 109, 28, 115, 
27, 110, 28, 116, 
27, 111, 28, 117, 
27, 112, 28, 118, 
27, 113, 28, 119, 
27, 114, 
28, 115, 29, 120, 
28, 116, 29, 121, 
28, 117, 29, 122, 
28, 118, 29, 123, 
28, 119, 29, 124, 
29, 120, 30, 125, 
29, 121, 30, 126, 
29, 122, 30, 127, 
29, 123, 30, 128, 
29, 124, 30, 129, 
30, 125, 31, 131, 
30, 126, 31, 132, 
30, 127, 31, 133, 
30, 128, 31, 134, 
30, 129, 31, 135, 
30, 130, 31, 136, 
31, 131, 32, 137, 
31, 132, 32, 138, 
31, 133, 32, 139, 
31, 134, 32, 140, 
31, 135, 32, 141, 
31, 136, 32, 142, 
32, 137, 33, 143, 
32, 138, 33, 144, 
32, 139, 33, 145, 
32, 140, 33, 146, 
32, 141, 33, 147, 
32, 142, 
33, 143, 34, 148, 
33, 144, 34, 149, 
33, 145, 34, 150, 
33, 146, 34, 151, 
33, 147, 34, 152, 
34, 148, 35, 154, 
34, 149, 35, 155, 
34, 150, 35, 156, 
34, 151, 35, 157, 
34, 152, 35, 158, 
34, 153, 35, 159, 
35, 154, 36, 160, 
35, 155, 36, 161, 
35, 156, 36, 162, 
35, 157, 36, 163, 
35, 158, 36, 164, 
35, 159, 36, 165, 
36, 160, 37, 166, 
36, 161, 37, 167, 
36, 162, 37, 168, 
36, 163, 37, 169, 
36, 164, 37, 170, 
36, 165, 37, 171, 
37, 166, 38, 172, 
37, 167, 38, 173, 
37, 168, 38, 174, 
37, 169, 38, 175, 
37, 170, 38, 176, 
37, 171, 
38, 172, 39, 177, 
38, 173, 39, 178, 
38, 174, 39, 179, 
38, 175, 39, 180, 
38, 176, 39, 181, 
39, 177, 40, 184, 
39, 178, 40, 185, 
39, 179, 40, 186, 
39, 180, 40, 187, 
39, 181, 40, 188, 
39, 182, 
39, 183, 
40, 184, 
40, 185, 
40, 186, 
40, 187, 
40, 188, 
41, 189, 42, 192, 
41, 190, 42, 193, 
41, 191, 42, 194, 
42, 192, 43, 196, 
42, 193, 43, 197, 
42, 194, 43, 198, 
42, 195, 
43, 196, 44, 199, 
43, 197, 44, 200, 
43, 198, 44, 201, 
44, 199, 45, 203, 
44, 200, 45, 204, 
44, 201, 45, 205, 
44, 202, 45, 206, 
45, 203, 46, 207, 
45, 204, 46, 208, 
45, 205, 46, 209, 
45, 206, 
46, 207, 47, 210, 
46, 208, 47, 211, 
46, 209, 47, 212, 
47, 210, 48, 213, 
47, 211, 48, 214, 
47, 212, 48, 215, 
48, 213, 49, 216, 
48, 214, 49, 217, 
48, 215, 49, 218, 
49, 216, 50, 220, 
49, 217, 50, 221, 
49, 218, 50, 222, 
49, 219, 50, 223, 
50, 220, 51, 224, 
50, 221, 51, 225, 
50, 222, 51, 226, 
50, 223, 51, 227, 
51, 224, 52, 228, 
51, 225, 52, 229, 
51, 226, 52, 230, 
51, 227, 52, 231, 
52, 228, 53, 233, 
52, 229, 53, 234, 
52, 230, 53, 235, 
52, 231, 53, 236, 
52, 232, 
53, 233, 54, 237, 
53, 234, 54, 238, 
53, 235, 54, 239, 
53, 236, 54, 240, 
54, 237, 55, 241, 
54, 238, 55, 242, 
54, 239, 55, 243, 
54, 240, 55, 244, 
55, 241, 56, 245, 
55, 242, 56, 246, 
55, 243, 56, 247, 
55, 244, 
56, 245, 57, 248, 
56, 246, 57, 249, 
56, 247, 57, 250, 
57, 248, 58, 251, 
57, 249, 58, 252, 
57, 250, 58, 253, 
58, 251, 59, 255, 
58, 252, 59, 256, 
58, 253, 59, 257, 
58, 254, 
59, 255, 60, 258, 
59, 256, 60, 259, 
59, 257, 60, 260, 
60, 258, 
60, 259, 
60, 260, 
60, 261, 
60, 262, 
61, 263, 62, 266, 
61, 264, 62, 267, 
61, 265, 62, 268, 
62, 266, 63, 269, 
62, 267, 63, 270, 
62, 268, 63, 271, 
63, 269, 64, 273, 
63, 270, 64, 274, 
63, 271, 64, 275, 
63, 272, 
64, 273, 65, 276, 
64, 274, 65, 277, 
64, 275, 65, 278, 
65, 276, 66, 279, 
65, 277, 66, 280, 
65, 278, 66, 281, 
66, 279, 67, 282, 
66, 280, 67, 283, 
66, 281, 67, 284, 
67, 282, 68, 285, 
67, 283, 68, 286, 
67, 284, 68, 287, 
68, 285, 69, 288, 
68, 286, 69, 289, 
68, 287, 69, 290, 
69, 288, 70, 291, 
69, 289, 70, 292, 
69, 290, 70, 293, 
70, 291, 71, 294, 
70, 292, 71, 295, 
70, 293, 71, 296, 
71, 294, 72, 297, 
71, 295, 72, 298, 
71, 296, 72, 299, 
72, 297, 73, 301, 
72, 298, 73, 302, 
72, 299, 73, 303, 
72, 300, 73, 304, 
73, 301, 74, 305, 
73, 302, 74, 306, 
73, 303, 74, 307, 
73, 304, 
74, 305, 75, 308, 
74, 306, 75, 309, 
74, 307, 75, 310, 
75, 308, 76, 312, 
75, 309, 76, 313, 
75, 310, 76, 314, 
75, 311, 76, 315, 
76, 312, 77, 316, 
76, 313, 77, 317, 
76, 314, 77, 318, 
76, 315, 77, 319, 
77, 316, 78, 320, 
77, 317, 78, 321, 
77, 318, 78, 322, 
77, 319, 78, 323, 
78, 320, 79, 324, 
78, 321, 79, 325, 
78, 322, 79, 326, 
78, 323, 79, 327, 
79, 324, 80, 329, 
79, 325, 80, 330, 
79, 326, 80, 331, 
79, 327, 80, 332, 
79, 328, 
80, 329, 
80, 330, 
80, 331, 
80, 332, 
81, 333, 82, 337, 
81, 334, 82, 338, 
81, 335, 82, 339, 
81, 336, 82, 340, 
82, 337, 83, 341, 
82, 338, 83, 342, 
82, 339, 83, 343, 
82, 340, 83, 344, 
83, 341, 84, 347, 
83, 342, 84, 348, 
83, 343, 84, 349, 
83, 344, 84, 350, 
83, 345, 
83, 346, 
84, 347, 85, 351, 
84, 348, 85, 352, 
84, 349, 85, 353, 
84, 350, 85, 354, 
85, 351, 86, 356, 
85, 352, 86, 357, 
85, 353, 86, 358, 
85, 354, 86, 359, 
85, 355, 
86, 356, 87, 360, 
86, 357, 87, 361, 
86, 358, 87, 362, 
86, 359, 87, 363, 
87, 360, 88, 365, 
87, 361, 88, 366, 
87, 362, 88, 367, 
87, 363, 88, 368, 
87, 364, 88, 369, 
88, 365, 89, 370, 
88, 366, 89, 371, 
88, 367, 89, 372, 
88, 368, 89, 373, 
88, 369, 89, 374, 
89, 370, 90, 375, 
89, 371, 90, 376, 
89, 372, 90, 377, 
89, 373, 90, 378, 
89, 374, 90, 379, 
90, 375, 91, 380, 
90, 376, 91, 381, 
90, 377, 91, 382, 
90, 378, 91, 383, 
90, 379, 
91, 380, 92, 384, 
91, 381, 92, 385, 
91, 382, 92, 386, 
91, 383, 92, 387, 
92, 384, 93, 389, 
92, 385, 93, 390, 
92, 386, 93, 391, 
92, 387, 93, 392, 
92, 388, 
93, 389, 94, 393, 
93, 390, 94, 394, 
93, 391, 94, 395, 
93, 392, 94, 396, 
94, 393, 95, 398, 
94, 394, 95, 399, 
94, 395, 95, 400, 
94, 396, 95, 401, 
94, 397, 95, 402, 
95, 398, 96, 403, 
95, 399, 96, 404, 
95, 400, 96, 405, 
95, 401, 96, 406, 
95, 402, 96, 407, 
96, 403, 97, 408, 
96, 404, 97, 409, 
96, 405, 97, 410, 
96, 406, 97, 411, 
96, 407, 97, 412, 
97, 408, 98, 413, 
97, 409, 98, 414, 
97, 410, 98, 415, 
97, 411, 98, 416, 
97, 412, 
98, 413, 99, 417, 
98, 414, 99, 418, 
98, 415, 99, 419, 
98, 416, 99, 420, 
99, 417, 100, 422, 
99, 418, 100, 423, 
99, 419, 100, 424, 
99, 420, 100, 425, 
99, 421, 
100, 422, 
100, 423, 
100, 424, 
100, 425, 
101, 426, 102, 430, 
101, 427, 102, 431, 
101, 428, 102, 432, 
101, 429, 
102, 430, 103, 433, 
102, 431, 103, 434, 
102, 432, 103, 435, 
103, 433, 104, 437, 
103, 434, 104, 438, 
103, 435, 104, 439, 
103, 436, 104, 440, 
104, 437, 105, 441, 
104, 438, 105, 442, 
104, 439, 105, 443, 
104, 440, 
105, 441, 106, 444, 
105, 442, 106, 445, 
105, 443, 106, 446, 
106, 444, 107, 447, 
106, 445, 107, 448, 
106, 446, 107, 449, 
107, 447, 108, 450, 
107, 448, 108, 451, 
107, 449, 108, 452, 
108, 450, 109, 453, 
108, 451, 109, 454, 
108, 452, 109, 455, 
109, 453, 110, 456, 
109, 454, 110, 457, 
109, 455, 110, 458, 
110, 456, 111, 459, 
110, 457, 111, 460, 
110, 458, 111, 461, 
111, 459, 112, 462, 
111, 460, 112, 463, 
111, 461, 112, 464, 
112, 462, 113, 465, 
112, 463, 113, 466, 
112, 464, 113, 467, 
113, 465, 114, 468, 
113, 466, 114, 469, 
113, 467, 114, 470, 
114, 468, 115, 471, 
114, 469, 115, 472, 
114, 470, 115, 473, 
115, 471, 116, 474, 
115, 472, 116, 475, 
115, 473, 116, 476, 
116, 474, 117, 477, 
116, 475, 117, 478, 
116, 476, 117, 479, 
117, 477, 118, 480, 
117, 478, 118, 481, 
117, 479, 118, 482, 
118, 480, 119, 483, 
118, 481, 119, 484, 
118, 482, 119, 485, 
119, 483, 120, 486, 
119, 484, 120, 487, 
119, 485, 120, 488, 
120, 486, 
120, 487, 
120, 488, 
121, 489, 122, 493, 
121, 490, 122, 494, 
121, 491, 122, 495, 
121, 492, 122, 496, 
122, 493, 123, 497, 
122, 494, 123, 498, 
122, 495, 123, 499, 
122, 496, 123, 500, 
123, 497, 124, 502, 
123, 498, 124, 503, 
123, 499, 124, 504, 
123, 500, 124, 505, 
123, 501, 
124, 502, 125, 506, 
124, 503, 125, 507, 
124, 504, 125, 508, 
124, 505, 125, 509, 
125, 506, 126, 512, 
125, 507, 126, 513, 
125, 508, 126, 514, 
125, 509, 126, 515, 
125, 510, 126, 516, 
125, 511, 126, 517, 
126, 512, 127, 518, 
126, 513, 127, 519, 
126, 514, 127, 520, 
126, 515, 127, 521, 
126, 516, 127, 522, 
126, 517, 127, 523, 
127, 518, 128, 524, 
127, 519, 128, 525, 
127, 520, 128, 526, 
127, 521, 128, 527, 
127, 522, 
127, 523, 
128, 524, 129, 528, 
128, 525, 129, 529, 
128, 526, 129, 530, 
128, 527, 129, 531, 
129, 528, 130, 535, 
129, 529, 130, 536, 
129, 530, 130, 537, 
129, 531, 130, 538, 
129, 532, 
129, 533, 
129, 534, 
130, 535, 131, 539, 
130, 536, 131, 540, 
130, 537, 131, 541, 
130, 538, 131, 542, 
131, 539, 132, 543, 
131, 540, 132, 544, 
131, 541, 132, 545, 
131, 542, 132, 546, 
132, 543, 133, 549, 
132, 544, 133, 550, 
132, 545, 133, 551, 
132, 546, 133, 552, 
132, 547, 133, 553, 
132, 548, 133, 554, 
133, 549, 134, 556, 
133, 550, 134, 557, 
133, 551, 134, 558, 
133, 552, 134, 559, 
133, 553, 134, 560, 
133, 554, 134, 561, 
133, 555, 
134, 556, 135, 562, 
134, 557, 135, 563, 
134, 558, 135, 564, 
134, 559, 135, 565, 
134, 560, 135, 566, 
134, 561, 
135, 562, 136, 567, 
135, 563, 136, 568, 
135, 564, 136, 569, 
135, 565, 136, 570, 
135, 566, 136, 571, 
136, 567, 137, 574, 
136, 568, 137, 575, 
136, 569, 137, 576, 
136, 570, 137, 577, 
136, 571, 137, 578, 
136, 572, 137, 579, 
136, 573, 
137, 574, 138, 580, 
137, 575, 138, 581, 
137, 576, 138, 582, 
137, 577, 138, 583, 
137, 578, 138, 584, 
137, 579, 138, 585, 
138, 580, 139, 586, 
138, 581, 139, 587, 
138, 582, 139, 588, 
138, 583, 139, 589, 
138, 584, 139, 590, 
138, 585, 139, 591, 
139, 586, 140, 592, 
139, 587, 140, 593, 
139, 588, 140, 594, 
139, 589, 140, 595, 
139, 590, 140, 596, 
139, 591, 140, 597, 
140, 592, 
140, 593, 
140, 594, 
140, 595, 
140, 596, 
140, 597, 
141, 598, 142, 602, 
141, 599, 142, 603, 
141, 600, 142, 604, 
141, 601, 142, 605, 
142, 602, 143, 606, 
142, 603, 143, 607, 
142, 604, 143, 608, 
142, 605, 143, 609, 
143, 606, 144, 610, 
143, 607, 144, 611, 
143, 608, 144, 612, 
143, 609, 144, 613, 
144, 610, 145, 614, 
144, 611, 145, 615, 
144, 612, 145, 616, 
144, 613, 145, 617, 
145, 614, 146, 618, 
145, 615, 146, 619, 
145, 616, 146, 620, 
145, 617, 146, 621, 
146, 618, 147, 622, 
146, 619, 147, 623, 
146, 620, 147, 624, 
146, 621, 147, 625, 
147, 622, 148, 626, 
147, 623, 148, 627, 
147, 624, 148, 628, 
147, 625, 148, 629, 
148, 626, 149, 630, 
148, 627, 149, 631, 
148, 628, 149, 632, 
148, 629, 149, 633, 
149, 630, 150, 635, 
149, 631, 150, 636, 
149, 632, 150, 637, 
149, 633, 150, 638, 
149, 634, 
150, 635, 151, 639, 
150, 636, 151, 640, 
150, 637, 151, 641, 
150, 638, 
151, 639, 152, 642, 
151, 640, 152, 643, 
151, 641, 152, 644, 
152, 642, 153, 645, 
152, 643, 153, 646, 
152, 644, 153, 647, 
153, 645, 154, 648, 
153, 646, 154, 649, 
153, 647, 154, 650, 
154, 648, 155, 651, 
154, 649, 155, 652, 
154, 650, 155, 653, 
155, 651, 156, 654, 
155, 652, 156, 655, 
155, 653, 156, 656, 
156, 654, 157, 657, 
156, 655, 157, 658, 
156, 656, 157, 659, 
157, 657, 158, 660, 
157, 658, 158, 661, 
157, 659, 158, 662, 
158, 660, 159, 665, 
158, 661, 159, 666, 
158, 662, 159, 667, 
158, 663, 159, 668, 
158, 664, 
159, 665, 160, 669, 
159, 666, 160, 670, 
159, 667, 160, 671, 
159, 668, 
160, 669, 
160, 670, 
160, 671, 
161, 672, 162, 676, 
161, 673, 162, 677, 
161, 674, 162, 678, 
161, 675, 162, 679, 
162, 676, 163, 682, 
162, 677, 163, 683, 
162, 678, 163, 684, 
162, 679, 
162, 680, 
162, 681, 
163, 682, 164, 685, 
163, 683, 164, 686, 
163, 684, 164, 687, 
164, 685, 165, 689, 
164, 686, 165, 690, 
164, 687, 165, 691, 
164, 688, 
165, 689, 166, 692, 
165, 690, 166, 693, 
165, 691, 166, 694, 
166, 692, 167, 695, 
166, 693, 167, 696, 
166, 694, 167, 697, 
167, 695, 168, 698, 
167, 696, 168, 699, 
167, 697, 168, 700, 
168, 698, 169, 701, 
168, 699, 169, 702, 
168, 700, 169, 703, 
169, 701, 170, 704, 
169, 702, 170, 705, 
169, 703, 170, 706, 
170, 704, 171, 708, 
170, 705, 171, 709, 
170, 706, 171, 710, 
170, 707, 171, 711, 
171, 708, 172, 712, 
171, 709, 172, 713, 
171, 710, 172, 714, 
171, 711, 172, 715, 
172, 712, 173, 716, 
172, 713, 173, 717, 
172, 714, 173, 718, 
172, 715, 
173, 716, 174, 719, 
173, 717, 174, 720, 
173, 718, 174, 721, 
174, 719, 175, 722, 
174, 720, 175, 723, 
174, 721, 175, 724, 
175, 722, 176, 725, 
175, 723, 176, 726, 
175, 724, 176, 727, 
176, 725, 177, 728, 
176, 726, 177, 729, 
176, 727, 177, 730, 
177, 728, 178, 731, 
177, 729, 178, 732, 
177, 730, 178, 733, 
178, 731, 179, 734, 
178, 732, 179, 735, 
178, 733, 179, 736, 
179, 734, 180, 738, 
179, 735, 180, 739, 
179, 736, 180, 740, 
179, 737, 
180, 738, 
180, 739, 
180, 740, 
181, 741, 182, 745, 
181, 742, 182, 746, 
181, 743, 182, 747, 
181, 744, 
182, 745, 183, 748, 
182, 746, 183, 749, 
182, 747, 183, 750, 
183, 748, 184, 751, 
183, 749, 184, 752, 
183, 750, 184, 753, 
184, 751, 185, 754, 
184, 752, 185, 755, 
184, 753, 185, 756, 
185, 754, 186, 758, 
185, 755, 186, 759, 
185, 756, 186, 760, 
185, 757, 
186, 758, 187, 761, 
186, 759, 187, 762, 
186, 760, 187, 763, 
187, 761, 188, 764, 
187, 762, 188, 765, 
187, 763, 188, 766, 
188, 764, 189, 767, 
188, 765, 189, 768, 
188, 766, 189, 769, 
189, 767, 190, 770, 
189, 768, 190, 771, 
189, 769, 190, 772, 
190, 770, 191, 773, 
190, 771, 191, 774, 
190, 772, 191, 775, 
191, 773, 192, 776, 
191, 774, 192, 777, 
191, 775, 192, 778, 
192, 776, 193, 779, 
192, 777, 193, 780, 
192, 778, 193, 781, 
193, 779, 194, 784, 
193, 780, 194, 785, 
193, 781, 194, 786, 
193, 782, 194, 787, 
193, 783, 194, 788, 
194, 784, 195, 789, 
194, 785, 195, 790, 
194, 786, 195, 791, 
194, 787, 195, 792, 
194, 788, 
195, 789, 196, 793, 
195, 790, 196, 794, 
195, 791, 196, 795, 
195, 792, 196, 796, 
196, 793, 197, 797, 
196, 794, 197, 798, 
196, 795, 197, 799, 
196, 796, 197, 800, 
197, 797, 198, 801, 
197, 798, 198, 802, 
197, 799, 198, 803, 
197, 800, 198, 804, 
198, 801, 199, 805, 
198, 802, 199, 806, 
198, 803, 199, 807, 
198, 804, 199, 808, 
199, 805, 200, 810, 
199, 806, 200, 811, 
199, 807, 200, 812, 
199, 808, 
199, 809, 
200, 810, 
200, 811, 
200, 812, 
